22.88
22.25
22.61
22.34
22.29
22.36
21.88
22.2
21.62
21.3
20.15
19.34
20.36
20.23
17.56
17.37
17.85
18.76
18.26
19.52
17.51
18
16.41
17.39
15.55
17.12
16.73
17.05
18.23
19.84
20.57
29.6
26.7
28.46
27.73
29.3
30.29
33.48
38.33
34.43
40.73
39.34
29.95
34.93
32.41
33.3
29.5
33.05
29.05
26.5
27.85
26.95
28.48
27.5
30.35
24.91
21.73
20.7
22.78
20.08
18.48
20.5
20.06
20.68
19.78
19.38
20.58
21.6
21.03
20.99
21.72
20.73
20.95
21.34
20.9
19.85
20.11
20.03
20.92
21.35
21.7
21.25
21.55
21.39
21.52
22.3
21.86
22.28
21.44
21.73
22.24
22.1
23.02
23.89
23.47
23.09
23.78
22.58
21.88
21.04
20.61
19.24
19.45
18.68
19.15
18.72
18.4
18.5
19.09
19.26
19.36
18.14
18.3
18.67
18.62
19.27
19.06
19.49
20.29
19.81
20.17
20.29
20.78
20.98
20.12
21.8
22.2
22.23
22.23
22.74
21.84
21.51
21.42
21.91
22.03
21.23
21
21.54
21.6
21.72
21.98
22.13
21.78
21.66
21.85
22.12
21.88
21.03
20.6
20.54
20.32
20.06
19.56
18.69
18.94
19.79
19.62
19.13
18.21
18.4
19.67
20
20.12
19.59
20.49
20.48
20.71
20.04
19.98
20.27
20.33
20.28
20.05
20.21
20.4
20.38
19.32
19.75
20.2
19.65
18.6
18.35
18.99
18.29
18.05
17.2
18.5
17.81
17.58
17.95
18.38
18.24
17.14
16.94
18.12
18.07
18.43
18.7
18.04
17.55
17.03
16.71
16.69
16.39
15.36
14.53
14.47
14.32
14.11
14.66
14.95
14.92
15.26
15.91
15.12
14.13
14.28
14.78
14.17
14.82
15.04
14.41
15.67
15.74
16.43
16.82
16.93
17.62
17.61
18.4
18.3
17.78
18.94
20.08
19.14
19.62
20.4
19.49
19.26
20.22
19.29
17.64
17.09
17.4
17.62
17
17.24
17.48
17.97
17.74
17.34
17.71
18.66
18.46
17.58
17.7
17.97
16.93
16.98
16.98
17.63
17.45
17.42
18.47
18.53
18.48
18.43
18.44
18.94
